00111000
11111001
0000000011010010
0000000010001101
01001100
11100110
11101010
0000000011011101
0000000010110000
0000000011010111
0000000011011101
0000000001100111
11010010
0000000000101111
0000000010001011
11111111
0000000011011011
0000000010001001
0000000010111110
00000001
01100110
00001111
00000101
0000000010011001
0000000011100011
0000000010001101
0000000010111111
0000000010001111
0000000010010101
11110011
11110011
0000000011111001
0000000000100100
0000000011001100
00111110
0000000011011110
11110110
0000000001011101
0000000011010001
0000000001011011
00001101
11011011
0000000001100111
11101011
01010000
10010110
0000000011101101
0000000011111101
0000000011111101
11001011
0000000000000011
10111010
0000000000111011
0000000001101010
0000000010011100
10100011
0000000011101110
0000000000001011
01110010
0000000001111001
0000000001101110
0000000010011111
01011100
0000000011101100
0000000011101111
00011100
0000000010001001
0000000011100010
11010011
0000000011100100
0000000000100100
10000110
0000000010111101
0000000010110011
01101111
0000000010110000
0000000011101001
00101011
0000000011010001
0000000000011111
01101011
0000000010011000
0000000011011101
0000000010010100
10010010
0000000010100110
01111011
00010010
0000000000110000
0000000001111110
0000000000100010
10111110
01110000
00111001
10101111
0000000011000101
0000000011011001
0000000011000101
0000000011010111
01101010
